{
 "cells": [
  {
   "cell_type": "code",
   "execution_count": 1,
   "id": "454fe931",
   "metadata": {},
   "outputs": [],
   "source": [
    "import numpy as np\n",
    "from exact_diagonalization import exact_diagonalization"
   ]
  },
  {
   "cell_type": "code",
   "execution_count": 6,
   "id": "89a1f04a",
   "metadata": {},
   "outputs": [],
   "source": [
    "def generate_symmetric_matrix(n):\n",
    "    A = np.empty((n, n), dtype=float)\n",
    "    \n",
    "    visited = []\n",
    "    for i in range(n):\n",
    "        for j in range(n):\n",
    "            \n",
    "            if (i, j) in visited:\n",
    "                continue\n",
    "                \n",
    "            rand_num = np.random.rand()\n",
    "            \n",
    "            if i != j:\n",
    "                A[i, j] = rand_num\n",
    "                A[j, i] = rand_num\n",
    "                visited.append((j, i))\n",
    "            else:\n",
    "                A[i, i] = rand_num\n",
    "                \n",
    "    return A\n",
    "\n",
    "\n",
    "def error(A, B):\n",
    "    return np.average((A - B)**2)"
   ]
  },
  {
   "cell_type": "code",
   "execution_count": 7,
   "id": "3d6c5f63",
   "metadata": {},
   "outputs": [
    {
     "name": "stdout",
     "output_type": "stream",
     "text": [
      "Matrix: \n",
      " [[0.25333969 0.37982139 0.89997224]\n",
      " [0.37982139 0.29969489 0.77737422]\n",
      " [0.89997224 0.77737422 0.11974533]]\n",
      "\n",
      "Reconstructed: \n",
      " [[0.25333969 0.37982139 0.89997224]\n",
      " [0.37982139 0.29969489 0.77737422]\n",
      " [0.89997224 0.77737422 0.11974533]]\n",
      "Error: 4.458078437602761e-30\n"
     ]
    }
   ],
   "source": [
    "A = generate_symmetric_matrix(3)\n",
    "Q, T, Q_inv = exact_diagonalization(A)\n",
    "reconstructed_A = Q @ T @ Q_inv\n",
    "\n",
    "print(f\"Matrix: \\n {A}\", end=\"\\n\\n\")\n",
    "print(f\"Reconstructed: \\n {reconstructed_A}\")\n",
    "print(f\"Error: {error(A, reconstructed_A)}\")"
   ]
  },
  {
   "cell_type": "code",
   "execution_count": 8,
   "id": "05809143",
   "metadata": {},
   "outputs": [
    {
     "name": "stdout",
     "output_type": "stream",
     "text": [
      "Matrix: \n",
      " [[0.11026395 0.78092719 0.28188857 0.00892211 0.83759865 0.53630194\n",
      "  0.75058547 0.01144098 0.78967646 0.34017598]\n",
      " [0.78092719 0.48819246 0.50811184 0.45348794 0.19014487 0.84629508\n",
      "  0.56643967 0.08921941 0.48582813 0.51826086]\n",
      " [0.28188857 0.50811184 0.38210328 0.11794482 0.20023593 0.79718938\n",
      "  0.9768654  0.54380625 0.94852703 0.79005021]\n",
      " [0.00892211 0.45348794 0.11794482 0.88414601 0.82786853 0.77911179\n",
      "  0.18320865 0.99663925 0.72747223 0.87452791]\n",
      " [0.83759865 0.19014487 0.20023593 0.82786853 0.06474799 0.80793431\n",
      "  0.78125466 0.85565218 0.38706208 0.7739435 ]\n",
      " [0.53630194 0.84629508 0.79718938 0.77911179 0.80793431 0.50530561\n",
      "  0.35182344 0.65485718 0.34730077 0.92053849]\n",
      " [0.75058547 0.56643967 0.9768654  0.18320865 0.78125466 0.35182344\n",
      "  0.38977349 0.17832994 0.39194055 0.5484263 ]\n",
      " [0.01144098 0.08921941 0.54380625 0.99663925 0.85565218 0.65485718\n",
      "  0.17832994 0.55849993 0.21478912 0.11995633]\n",
      " [0.78967646 0.48582813 0.94852703 0.72747223 0.38706208 0.34730077\n",
      "  0.39194055 0.21478912 0.48736549 0.93851054]\n",
      " [0.34017598 0.51826086 0.79005021 0.87452791 0.7739435  0.92053849\n",
      "  0.5484263  0.11995633 0.93851054 0.53089865]]\n",
      "\n",
      "Reconstructed: \n",
      " [[0.11026393 0.78092719 0.28188857 0.00892209 0.83759862 0.53630194\n",
      "  0.75058545 0.01144097 0.78967644 0.34017596]\n",
      " [0.78092719 0.48819249 0.50811187 0.45348796 0.19014487 0.84629512\n",
      "  0.56643968 0.08921943 0.48582814 0.51826088]\n",
      " [0.28188857 0.50811187 0.38210331 0.11794483 0.20023593 0.79718943\n",
      "  0.9768654  0.54380627 0.94852703 0.79005023]\n",
      " [0.00892209 0.45348796 0.11794483 0.884146   0.82786851 0.77911181\n",
      "  0.18320864 0.99663926 0.72747221 0.8745279 ]\n",
      " [0.83759862 0.19014487 0.20023593 0.82786851 0.06474795 0.80793431\n",
      "  0.78125464 0.85565217 0.38706205 0.77394348]\n",
      " [0.53630194 0.84629512 0.79718943 0.77911181 0.80793431 0.50530566\n",
      "  0.35182345 0.65485721 0.34730078 0.92053851]\n",
      " [0.75058545 0.56643968 0.9768654  0.18320864 0.78125464 0.35182345\n",
      "  0.38977347 0.17832994 0.39194053 0.54842629]\n",
      " [0.01144097 0.08921943 0.54380627 0.99663926 0.85565217 0.65485721\n",
      "  0.17832994 0.55849994 0.21478912 0.11995634]\n",
      " [0.78967644 0.48582814 0.94852703 0.72747221 0.38706205 0.34730078\n",
      "  0.39194053 0.21478912 0.48736546 0.93851052]\n",
      " [0.34017596 0.51826088 0.79005023 0.8745279  0.77394348 0.92053851\n",
      "  0.54842629 0.11995634 0.93851052 0.53089864]]\n",
      "\n",
      "Error: 3.845418346753143e-16\n"
     ]
    }
   ],
   "source": [
    "A = generate_symmetric_matrix(10)\n",
    "Q, T, Q_inv = exact_diagonalization(A)\n",
    "reconstructed_A = Q @ T @ Q_inv\n",
    "\n",
    "print(f\"Matrix: \\n {A}\", end=\"\\n\\n\")\n",
    "print(f\"Reconstructed: \\n {reconstructed_A}\", end=\"\\n\\n\")\n",
    "print(f\"Error: {error(A, reconstructed_A)}\")"
   ]
  },
  {
   "cell_type": "code",
   "execution_count": 9,
   "id": "1a48ac79",
   "metadata": {},
   "outputs": [
    {
     "name": "stdout",
     "output_type": "stream",
     "text": [
      "Matrix: \n",
      " [[0.02703799 0.36117414 0.5276769  0.44594876 0.24838765 0.41719925\n",
      "  0.0612156  0.73790579 0.75722065 0.00384489 0.62397158 0.60669215\n",
      "  0.57582577 0.14233026 0.46117443 0.74285244 0.01089306 0.62672873\n",
      "  0.91599274 0.78842791 0.73003881 0.49052567 0.70321806 0.33702028\n",
      "  0.350582   0.6041677  0.74551448 0.66382032 0.77195555 0.55060701]\n",
      " [0.36117414 0.57697846 0.4183316  0.42420937 0.2238731  0.97505252\n",
      "  0.70799262 0.95878523 0.68489668 0.71409399 0.63467812 0.7088891\n",
      "  0.32520436 0.56757055 0.10485843 0.49301609 0.29943079 0.08398084\n",
      "  0.10864648 0.93211506 0.87580268 0.94212295 0.67610709 0.88892474\n",
      "  0.91205255 0.09484937 0.89718841 0.30311208 0.49367644 0.31904848]\n",
      " [0.5276769  0.4183316  0.47444292 0.88551649 0.66452526 0.17098296\n",
      "  0.73262971 0.85985999 0.31483187 0.22104657 0.36893873 0.95621235\n",
      "  0.26862239 0.61016    0.02110587 0.8123641  0.13217187 0.30149488\n",
      "  0.92481729 0.46431393 0.17909794 0.55251742 0.76761973 0.42652488\n",
      "  0.45777268 0.55831801 0.88106785 0.49561955 0.90057208 0.88517372]\n",
      " [0.44594876 0.42420937 0.88551649 0.02145812 0.64355135 0.18952841\n",
      "  0.69918422 0.53948887 0.16349268 0.462727   0.14892391 0.437735\n",
      "  0.18916027 0.68606827 0.85096949 0.88646407 0.26327522 0.29798571\n",
      "  0.50856945 0.33462723 0.06828797 0.99622468 0.71686224 0.56844815\n",
      "  0.9128731  0.21967083 0.57102656 0.11869792 0.99333546 0.75462919]\n",
      " [0.24838765 0.2238731  0.66452526 0.64355135 0.68944349 0.02716597\n",
      "  0.74626291 0.78499698 0.38475913 0.37351587 0.76033666 0.46999323\n",
      "  0.79175641 0.45534204 0.48459336 0.67968434 0.95672804 0.63495503\n",
      "  0.49536978 0.39450406 0.03519421 0.22014872 0.46684051 0.12720044\n",
      "  0.45183057 0.79921099 0.06267446 0.88546388 0.55483628 0.02623624]\n",
      " [0.41719925 0.97505252 0.17098296 0.18952841 0.02716597 0.79303003\n",
      "  0.67307704 0.08212093 0.79575579 0.69804477 0.14300129 0.50862351\n",
      "  0.59319799 0.02784223 0.79458406 0.52686462 0.89030934 0.98259542\n",
      "  0.85142445 0.82072195 0.29589943 0.01629001 0.00353269 0.96680626\n",
      "  0.11780458 0.97295266 0.65065333 0.27157476 0.16643802 0.98284449]\n",
      " [0.0612156  0.70799262 0.73262971 0.69918422 0.74626291 0.67307704\n",
      "  0.94839113 0.6037722  0.96696151 0.82019659 0.55093315 0.10403699\n",
      "  0.37464929 0.04541815 0.33026928 0.88317585 0.30151318 0.62009355\n",
      "  0.53603878 0.10973674 0.21073628 0.90210451 0.06925487 0.73001981\n",
      "  0.61169061 0.24514719 0.83974055 0.74704628 0.56697561 0.07038488]\n",
      " [0.73790579 0.95878523 0.85985999 0.53948887 0.78499698 0.08212093\n",
      "  0.6037722  0.26092311 0.94767055 0.26034774 0.18600542 0.12677617\n",
      "  0.27905533 0.8453031  0.93685669 0.34057362 0.4470212  0.26785758\n",
      "  0.18663384 0.28809135 0.23355627 0.11123857 0.79585274 0.57157378\n",
      "  0.86395965 0.26734948 0.55202211 0.1452152  0.52235119 0.09371692]\n",
      " [0.75722065 0.68489668 0.31483187 0.16349268 0.38475913 0.79575579\n",
      "  0.96696151 0.94767055 0.39215641 0.44471996 0.15510045 0.08577695\n",
      "  0.90932643 0.42344881 0.48133396 0.47402628 0.00215772 0.35819982\n",
      "  0.53450983 0.29899919 0.80267065 0.78506964 0.73605323 0.31751938\n",
      "  0.36280714 0.91199073 0.13954011 0.79616309 0.63869542 0.45179232]\n",
      " [0.00384489 0.71409399 0.22104657 0.462727   0.37351587 0.69804477\n",
      "  0.82019659 0.26034774 0.44471996 0.92217178 0.19566179 0.68361202\n",
      "  0.19238665 0.54427637 0.62519674 0.72064289 0.69767849 0.92886274\n",
      "  0.26511924 0.05073217 0.26345412 0.7414943  0.91849372 0.54075317\n",
      "  0.85127422 0.61182617 0.12063716 0.27394425 0.0885525  0.77194408]\n",
      " [0.62397158 0.63467812 0.36893873 0.14892391 0.76033666 0.14300129\n",
      "  0.55093315 0.18600542 0.15510045 0.19566179 0.9862712  0.41546824\n",
      "  0.05264926 0.99007577 0.44459493 0.81963303 0.71796595 0.42224904\n",
      "  0.55810861 0.7750538  0.39260991 0.62124844 0.53802706 0.70876326\n",
      "  0.44415441 0.8440179  0.68148367 0.46211861 0.39397208 0.80561446]\n",
      " [0.60669215 0.7088891  0.95621235 0.437735   0.46999323 0.50862351\n",
      "  0.10403699 0.12677617 0.08577695 0.68361202 0.41546824 0.37187264\n",
      "  0.70342954 0.99875764 0.21515368 0.772246   0.42941954 0.959729\n",
      "  0.73115818 0.75862769 0.99952541 0.3364346  0.64519923 0.84830071\n",
      "  0.58797425 0.1311612  0.80147968 0.62895754 0.38487195 0.45634857]\n",
      " [0.57582577 0.32520436 0.26862239 0.18916027 0.79175641 0.59319799\n",
      "  0.37464929 0.27905533 0.90932643 0.19238665 0.05264926 0.70342954\n",
      "  0.76599509 0.07154413 0.57760342 0.39451623 0.67230267 0.49679848\n",
      "  0.16665245 0.86174754 0.6144837  0.80775284 0.10396195 0.5248968\n",
      "  0.60976524 0.80865273 0.79231989 0.67624827 0.06918907 0.18092078]\n",
      " [0.14233026 0.56757055 0.61016    0.68606827 0.45534204 0.02784223\n",
      "  0.04541815 0.8453031  0.42344881 0.54427637 0.99007577 0.99875764\n",
      "  0.07154413 0.57623942 0.56170224 0.81808764 0.05934641 0.08880446\n",
      "  0.09662272 0.28215977 0.34901921 0.62697936 0.79953747 0.76941165\n",
      "  0.1327964  0.53914794 0.95517372 0.03250659 0.67486142 0.08349031]\n",
      " [0.46117443 0.10485843 0.02110587 0.85096949 0.48459336 0.79458406\n",
      "  0.33026928 0.93685669 0.48133396 0.62519674 0.44459493 0.21515368\n",
      "  0.57760342 0.56170224 0.7958083  0.90798498 0.19504698 0.13134682\n",
      "  0.71632692 0.06305396 0.75331016 0.43133411 0.79953049 0.4476874\n",
      "  0.94568297 0.78947737 0.64902645 0.98021837 0.08706686 0.18300277]\n",
      " [0.74285244 0.49301609 0.8123641  0.88646407 0.67968434 0.52686462\n",
      "  0.88317585 0.34057362 0.47402628 0.72064289 0.81963303 0.772246\n",
      "  0.39451623 0.81808764 0.90798498 0.29579975 0.62025291 0.69604881\n",
      "  0.12910475 0.97875693 0.66421082 0.20022834 0.2269847  0.63285437\n",
      "  0.24636841 0.56020612 0.77104103 0.86570171 0.62814707 0.11528366]\n",
      " [0.01089306 0.29943079 0.13217187 0.26327522 0.95672804 0.89030934\n",
      "  0.30151318 0.4470212  0.00215772 0.69767849 0.71796595 0.42941954\n",
      "  0.67230267 0.05934641 0.19504698 0.62025291 0.51792016 0.87941017\n",
      "  0.23300554 0.2307917  0.79162869 0.06570748 0.54285728 0.9048482\n",
      "  0.63816278 0.16267893 0.1692526  0.04244062 0.13593487 0.71408382]\n",
      " [0.62672873 0.08398084 0.30149488 0.29798571 0.63495503 0.98259542\n",
      "  0.62009355 0.26785758 0.35819982 0.92886274 0.42224904 0.959729\n",
      "  0.49679848 0.08880446 0.13134682 0.69604881 0.87941017 0.04526498\n",
      "  0.54261131 0.95878677 0.92023875 0.24386064 0.91552263 0.79083431\n",
      "  0.4989136  0.89754401 0.26949796 0.08755437 0.09881921 0.19716457]\n",
      " [0.91599274 0.10864648 0.92481729 0.50856945 0.49536978 0.85142445\n",
      "  0.53603878 0.18663384 0.53450983 0.26511924 0.55810861 0.73115818\n",
      "  0.16665245 0.09662272 0.71632692 0.12910475 0.23300554 0.54261131\n",
      "  0.45920726 0.08011469 0.82785615 0.11454312 0.73696481 0.98807614\n",
      "  0.61238123 0.03789607 0.61869846 0.14329166 0.50555555 0.74555214]\n",
      " [0.78842791 0.93211506 0.46431393 0.33462723 0.39450406 0.82072195\n",
      "  0.10973674 0.28809135 0.29899919 0.05073217 0.7750538  0.75862769\n",
      "  0.86174754 0.28215977 0.06305396 0.97875693 0.2307917  0.95878677\n",
      "  0.08011469 0.99435393 0.39512013 0.49998641 0.71858325 0.41703374\n",
      "  0.5063112  0.22694358 0.40566412 0.40438839 0.20985444 0.26808799]\n",
      " [0.73003881 0.87580268 0.17909794 0.06828797 0.03519421 0.29589943\n",
      "  0.21073628 0.23355627 0.80267065 0.26345412 0.39260991 0.99952541\n",
      "  0.6144837  0.34901921 0.75331016 0.66421082 0.79162869 0.92023875\n",
      "  0.82785615 0.39512013 0.12832435 0.34163876 0.17395102 0.67138994\n",
      "  0.97177596 0.43116272 0.04321648 0.08734137 0.33451922 0.67457281]\n",
      " [0.49052567 0.94212295 0.55251742 0.99622468 0.22014872 0.01629001\n",
      "  0.90210451 0.11123857 0.78506964 0.7414943  0.62124844 0.3364346\n",
      "  0.80775284 0.62697936 0.43133411 0.20022834 0.06570748 0.24386064\n",
      "  0.11454312 0.49998641 0.34163876 0.20020206 0.94900508 0.18097745\n",
      "  0.92897055 0.56571316 0.87479819 0.65915072 0.58167346 0.50563725]\n",
      " [0.70321806 0.67610709 0.76761973 0.71686224 0.46684051 0.00353269\n",
      "  0.06925487 0.79585274 0.73605323 0.91849372 0.53802706 0.64519923\n",
      "  0.10396195 0.79953747 0.79953049 0.2269847  0.54285728 0.91552263\n",
      "  0.73696481 0.71858325 0.17395102 0.94900508 0.38809071 0.21604795\n",
      "  0.36470269 0.28829011 0.71180704 0.04013214 0.11343292 0.91560213]\n",
      " [0.33702028 0.88892474 0.42652488 0.56844815 0.12720044 0.96680626\n",
      "  0.73001981 0.57157378 0.31751938 0.54075317 0.70876326 0.84830071\n",
      "  0.5248968  0.76941165 0.4476874  0.63285437 0.9048482  0.79083431\n",
      "  0.98807614 0.41703374 0.67138994 0.18097745 0.21604795 0.80252257\n",
      "  0.01085968 0.36093624 0.76387408 0.93976103 0.58770197 0.93486081]\n",
      " [0.350582   0.91205255 0.45777268 0.9128731  0.45183057 0.11780458\n",
      "  0.61169061 0.86395965 0.36280714 0.85127422 0.44415441 0.58797425\n",
      "  0.60976524 0.1327964  0.94568297 0.24636841 0.63816278 0.4989136\n",
      "  0.61238123 0.5063112  0.97177596 0.92897055 0.36470269 0.01085968\n",
      "  0.51802797 0.10528281 0.24779613 0.76654844 0.264557   0.9529751 ]\n",
      " [0.6041677  0.09484937 0.55831801 0.21967083 0.79921099 0.97295266\n",
      "  0.24514719 0.26734948 0.91199073 0.61182617 0.8440179  0.1311612\n",
      "  0.80865273 0.53914794 0.78947737 0.56020612 0.16267893 0.89754401\n",
      "  0.03789607 0.22694358 0.43116272 0.56571316 0.28829011 0.36093624\n",
      "  0.10528281 0.21464163 0.52252747 0.21099856 0.9034651  0.46113121]\n",
      " [0.74551448 0.89718841 0.88106785 0.57102656 0.06267446 0.65065333\n",
      "  0.83974055 0.55202211 0.13954011 0.12063716 0.68148367 0.80147968\n",
      "  0.79231989 0.95517372 0.64902645 0.77104103 0.1692526  0.26949796\n",
      "  0.61869846 0.40566412 0.04321648 0.87479819 0.71180704 0.76387408\n",
      "  0.24779613 0.52252747 0.96521716 0.73833034 0.49144421 0.32610062]\n",
      " [0.66382032 0.30311208 0.49561955 0.11869792 0.88546388 0.27157476\n",
      "  0.74704628 0.1452152  0.79616309 0.27394425 0.46211861 0.62895754\n",
      "  0.67624827 0.03250659 0.98021837 0.86570171 0.04244062 0.08755437\n",
      "  0.14329166 0.40438839 0.08734137 0.65915072 0.04013214 0.93976103\n",
      "  0.76654844 0.21099856 0.73833034 0.44167783 0.87954811 0.04159278]\n",
      " [0.77195555 0.49367644 0.90057208 0.99333546 0.55483628 0.16643802\n",
      "  0.56697561 0.52235119 0.63869542 0.0885525  0.39397208 0.38487195\n",
      "  0.06918907 0.67486142 0.08706686 0.62814707 0.13593487 0.09881921\n",
      "  0.50555555 0.20985444 0.33451922 0.58167346 0.11343292 0.58770197\n",
      "  0.264557   0.9034651  0.49144421 0.87954811 0.95121437 0.46774042]\n",
      " [0.55060701 0.31904848 0.88517372 0.75462919 0.02623624 0.98284449\n",
      "  0.07038488 0.09371692 0.45179232 0.77194408 0.80561446 0.45634857\n",
      "  0.18092078 0.08349031 0.18300277 0.11528366 0.71408382 0.19716457\n",
      "  0.74555214 0.26808799 0.67457281 0.50563725 0.91560213 0.93486081\n",
      "  0.9529751  0.46113121 0.32610062 0.04159278 0.46774042 0.89132059]]\n",
      "\n",
      "Reconstructed: \n",
      " [[0.90322587 1.41267808 1.35973786 1.27312573 1.02812868 1.29752176\n",
      "  0.99810811 1.50190444 1.67848919 0.853949   1.8673276  1.55437226\n",
      "  1.38606852 1.02708695 1.43076663 1.75312565 0.79213577 1.45800473\n",
      "  1.73280764 1.64953471 1.6730801  1.51510753 1.55975206 1.43111361\n",
      "  1.43149231 1.50686034 1.73376166 1.5962282  1.70044831 1.51103417]\n",
      " [1.41267808 1.82393957 1.46028322 1.43356392 1.1777176  2.07111189\n",
      "  1.8411243  1.90959268 1.77773572 1.74889202 2.04201256 1.88788885\n",
      "  1.30050317 1.62594969 1.26670644 1.68272304 1.24023017 1.13416105\n",
      "  1.12310643 1.97801117 1.96710378 2.15473756 1.74321794 2.18712258\n",
      "  2.19677786 1.17127234 2.10574503 1.40630392 1.6194193  1.41750999]\n",
      " [1.35973786 1.46028322 1.16853203 1.63118975 1.36769069 0.9520774\n",
      "  1.61077757 1.52115814 1.21204302 1.00088255 1.76097706 1.79125611\n",
      "  1.02373429 1.47249681 0.96207657 1.78726001 0.88223843 1.00759005\n",
      "  1.6488629  1.26738085 1.15968594 1.5857434  1.50740879 1.49939979\n",
      "  1.5489613  1.44812695 1.78156286 1.4367457  1.7994178  1.8932227 ]\n",
      " [1.27312573 1.43356392 1.63118975 0.79082477 1.37658252 0.99319448\n",
      "  1.56669558 1.23247685 1.0292239  1.2567727  1.36737938 1.29942027\n",
      "  0.94668056 1.51367864 1.76269035 1.84602439 0.99284074 1.04471443\n",
      "  1.25943476 1.13407679 0.97847475 1.96919153 1.49766708 1.60508919\n",
      "  1.93477729 1.07493766 1.49115776 1.00335521 1.86388362 1.68796493]\n",
      " [1.02812868 1.1777176  1.36769069 1.37658252 1.40439002 0.79199632\n",
      "  1.54560246 1.44061406 1.17378827 1.12965618 1.84124391 1.28441297\n",
      "  1.49949078 1.21169177 1.32984815 1.56648761 1.63101808 1.34843879\n",
      "  1.21687351 1.14082539 0.86282394 1.11279185 1.21425617 1.08604643\n",
      "  1.38636345 1.59455598 0.94115124 1.69505734 1.37174834 0.87043647]\n",
      " [1.29752176 2.07111189 0.9520774  0.99319448 0.79199632 1.69301115\n",
      "  1.6200602  0.8286371  1.72696424 1.54309248 1.55038705 1.46308864\n",
      "  1.38810679 0.95167349 1.80457755 1.50150516 1.70270459 1.81738947\n",
      "  1.67664775 1.69659186 1.28708059 1.11406276 0.84043957 2.08792731\n",
      "  1.2957929  1.92406254 1.63858256 1.27134289 1.17057846 1.97005638]\n",
      " [0.99810811 1.8411243  1.61077757 1.56669558 1.54560246 1.6200602\n",
      "  1.97857964 1.41728069 1.986744   1.71905824 2.01083506 1.12510898\n",
      "  1.24260048 1.03541769 1.39911418 1.96577084 1.16589746 1.50842196\n",
      "  1.40117064 1.04709161 1.26649507 2.0523973  0.97010168 1.92901657\n",
      "  1.83797629 1.2401612  1.88518178 1.79670757 1.5949452  1.14013615]\n",
      " [1.50190444 1.90959268 1.52115814 1.23247685 1.44061406 0.8286371\n",
      "  1.41728069 0.88936265 1.76380222 0.98538232 1.42466608 0.92288502\n",
      "  0.9723725  1.6392751  1.80408762 1.21555769 1.14146706 0.95269258\n",
      "  0.87559601 1.03559636 1.11138345 1.05652369 1.4995396  1.54926263\n",
      "  1.86844562 1.08490278 1.3938177  1.00614051 1.36401614 0.98481234]\n",
      " [1.67848919 1.77773572 1.21204302 1.0292239  1.17378827 1.72696424\n",
      "  1.986744   1.76380222 1.39993207 1.33300453 1.52894591 1.09794541\n",
      "  1.77413619 1.39039003 1.5220964  1.55725376 0.84634365 1.24072828\n",
      "  1.38614206 1.22193621 1.82422094 1.89237979 1.63694474 1.49072111\n",
      "  1.53745979 1.87409266 1.17077222 1.80703497 1.62323376 1.4950201 ]\n",
      " [0.853949   1.74889202 1.00088255 1.2567727  1.12965618 1.54309248\n",
      "  1.71905824 0.98538232 1.33300453 1.74282225 1.43697005 1.58840889\n",
      "  0.97087453 1.40072506 1.56761611 1.69400288 1.45410075 1.71917614\n",
      "  1.05121461 0.88039711 1.18963327 1.74513427 1.73463562 1.6044506\n",
      "  1.91068723 1.49437883 1.07454734 1.18671095 0.99749945 1.71377813]\n",
      " [1.8673276  2.04201256 1.76097706 1.36737938 1.84124391 1.55038705\n",
      "  2.01083506 1.42466608 1.52894591 1.43697005 2.65680111 1.95322929\n",
      "  1.24728077 2.34169607 1.87886881 2.22771233 1.90587298 1.81250888\n",
      "  1.81862799 2.09237495 1.67757619 2.10803641 1.89070472 2.27612737\n",
      "  2.05264207 2.142415   2.14103885 1.82309132 1.78386631 2.07384456]\n",
      " [1.55437226 1.88788885 1.79125611 1.29942027 1.28441297 1.46308864\n",
      "  1.12510898 0.92288502 1.09794541 1.58840889 1.95322929 1.38717376\n",
      "  1.56209503 1.99634321 1.3025052  1.83664609 1.3034328  1.84165436\n",
      "  1.60620466 1.69875297 2.08041207 1.52143907 1.53518615 2.06145888\n",
      "  1.85654365 1.15476451 1.85657631 1.70868319 1.45571957 1.54042023]\n",
      " [1.38606852 1.30050317 1.02373429 0.94668056 1.49949078 1.38810679\n",
      "  1.24260048 0.9723725  1.77413619 0.97087453 1.24728077 1.56209503\n",
      "  1.51712156 0.89603897 1.4769599  1.34569907 1.39575196 1.24136809\n",
      "  0.90376867 1.65449152 1.50930388 1.76522473 0.87819633 1.54677137\n",
      "  1.61731599 1.64673711 1.6940355  1.54827043 0.91990392 1.10024487]\n",
      " [1.02708695 1.62594969 1.47249681 1.51367864 1.21169177 0.95167349\n",
      "  1.03541769 1.6392751  1.39039003 1.40072506 2.34169607 1.99634321\n",
      "  0.89603897 1.52242998 1.57872581 1.82912087 0.88661519 0.96597732\n",
      "  0.9348355  1.18195502 1.33065457 1.71531182 1.6754737  1.90011108\n",
      "  1.29993394 1.48087388 1.95498315 1.02643658 1.66035015 1.06879648]\n",
      " [1.43076663 1.26670644 0.96207657 1.76269035 1.32984815 1.80457755\n",
      "  1.39911418 1.80408762 1.5220964  1.56761611 1.87886881 1.3025052\n",
      "  1.4769599  1.57872581 1.89750119 2.00889477 1.08900384 1.09069439\n",
      "  1.63909339 1.04063802 1.81014558 1.60387261 1.76275072 1.67394723\n",
      "  2.1990359  1.81158358 1.74955909 2.04958039 1.15768008 1.24360092]\n",
      " [1.75312565 1.68272304 1.78726001 1.84602439 1.56648761 1.50150516\n",
      "  1.96577084 1.21555769 1.55725376 1.69400288 2.22771233 1.83664609\n",
      "  1.34569907 1.82912087 2.00889477 1.51666577 1.50687157 1.61692805\n",
      "  1.03793546 1.96067212 1.76233089 1.35563474 1.20161896 1.89853916\n",
      "  1.4487451  1.57858346 1.89350271 1.91809457 1.63989307 1.26146105]\n",
      " [0.79213577 1.24023017 0.88223843 0.99284074 1.63101808 1.70270459\n",
      "  1.16589746 1.14146706 0.84634365 1.45410075 1.90587298 1.3034328\n",
      "  1.39575196 0.88661519 1.08900384 1.50687157 1.24322363 1.64826275\n",
      "  0.9731455  1.02021051 1.65478388 1.02269609 1.31265362 1.89895999\n",
      "  1.66330459 0.9931303  1.05256986 0.91561891 1.00637476 1.57944964]\n",
      " [1.45800473 1.13416105 1.00759005 1.04471443 1.34843879 1.81738947\n",
      "  1.50842196 0.95269258 1.24072828 1.71917614 1.81250888 1.84165436\n",
      "  1.24136809 0.96597732 1.09069439 1.61692805 1.64826275 0.80952203\n",
      "  1.30826559 1.78080189 1.87959475 1.29816525 1.68402551 1.85811442\n",
      "  1.63070136 1.80586694 1.19218911 1.04772859 1.05464417 1.15447721]\n",
      " [1.73280764 1.12310643 1.6488629  1.25943476 1.21687351 1.67664775\n",
      "  1.40117064 0.87559601 1.38614206 1.05121461 1.81862799 1.60620466\n",
      "  0.90376867 0.9348355  1.63909339 1.03793546 0.9731455  1.30826559\n",
      "  1.22220718 0.88332984 1.73325134 1.11077938 1.51380168 2.01798744\n",
      "  1.67482681 0.90756395 1.53629701 1.04944828 1.41798522 1.65236464]\n",
      " [1.64953471 1.97801117 1.26738085 1.13407679 1.14082539 1.69659186\n",
      "  1.04709161 1.03559636 1.22193621 0.88039711 2.09237495 1.69875297\n",
      "  1.65449152 1.18195502 1.04063802 1.96067212 1.02021051 1.78080189\n",
      "  0.88332984 1.85288399 1.35224627 1.54935333 1.5510946  1.51074304\n",
      "  1.62517798 1.13911381 1.37233583 1.36093768 1.15855533 1.2333698 ]\n",
      " [1.6730801  1.96710378 1.15968594 0.97847475 0.86282394 1.28708059\n",
      "  1.26649507 1.11138345 1.82422094 1.18963327 1.67757619 2.08041207\n",
      "  1.50930388 1.33065457 1.81014558 1.76233089 1.65478388 1.87959475\n",
      "  1.73325134 1.35224627 1.1241584  1.44335038 1.14317497 1.85396529\n",
      "  2.14199667 1.39895793 1.12270471 1.09303487 1.33685103 1.68425718]\n",
      " [1.51510753 2.15473756 1.5857434  1.96919153 1.11279185 1.11406276\n",
      "  2.0523973  1.05652369 1.89237979 1.74513427 2.10803641 1.52143907\n",
      "  1.76522473 1.71531182 1.60387261 1.35563474 1.02269609 1.29816525\n",
      "  1.11077938 1.54935333 1.44335038 1.44115727 1.99411409 1.47633694\n",
      "  2.26234319 1.64720112 2.05024105 1.79201809 1.72587699 1.60270537]\n",
      " [1.55975206 1.74321794 1.50740879 1.49766708 1.21425617 0.84043957\n",
      "  0.97010168 1.4995396  1.63694474 1.73463562 1.89070472 1.53518615\n",
      "  0.87819633 1.6754737  1.76275072 1.20161896 1.31265362 1.68402551\n",
      "  1.51380168 1.5510946  1.14317497 1.99411409 1.1807746  1.30246207\n",
      "  1.47255265 1.19778715 1.65993083 0.99086951 1.05131031 1.89879275]\n",
      " [1.43111361 2.18712258 1.49939979 1.60508919 1.08604643 2.08792731\n",
      "  1.92901657 1.54926263 1.49072111 1.6044506  2.27612737 2.06145888\n",
      "  1.54677137 1.90011108 1.67394723 1.89853916 1.89895999 1.85811442\n",
      "  2.01798744 1.51074304 1.85396529 1.47633694 1.30246207 2.17925347\n",
      "  1.38501    1.49558799 2.0020172  2.12075861 1.7599403  2.13503077]\n",
      " [1.43149231 2.19677786 1.5489613  1.93477729 1.38636345 1.2957929\n",
      "  1.83797629 1.86844562 1.53745979 1.91068723 2.05264207 1.85654365\n",
      "  1.61731599 1.29993394 2.1990359  1.4487451  1.66330459 1.63070136\n",
      "  1.67482681 1.62517798 2.14199667 2.26234319 1.47255265 1.38501\n",
      "  1.96024698 1.26177289 1.49200479 1.98457864 1.50149842 2.1072014 ]\n",
      " [1.50686034 1.17127234 1.44812695 1.07493766 1.59455598 1.92406254\n",
      "  1.2401612  1.08490278 1.87409266 1.49437883 2.142415   1.15476451\n",
      "  1.64673711 1.48087388 1.81158358 1.57858346 0.9931303  1.80586694\n",
      "  0.90756395 1.13911381 1.39895793 1.64720112 1.19778715 1.49558799\n",
      "  1.26177289 1.16134857 1.55466296 1.19698356 1.90000817 1.4289976 ]\n",
      " [1.73376166 2.10574503 1.78156286 1.49115776 0.94115124 1.63858256\n",
      "  1.88518178 1.3938177  1.17077222 1.07454734 2.14103885 1.85657631\n",
      "  1.6940355  1.95498315 1.74955909 1.89350271 1.05256986 1.19218911\n",
      "  1.53629701 1.37233583 1.12270471 2.05024105 1.65993083 2.0020172\n",
      "  1.49200479 1.55466296 2.07542862 1.80734149 1.56030086 1.41908962]\n",
      " [1.5962282  1.40630392 1.4367457  1.00335521 1.69505734 1.27134289\n",
      "  1.79670757 1.00614051 1.80703497 1.18671095 1.82309132 1.70868319\n",
      "  1.54827043 1.02643658 2.04958039 1.91809457 0.91561891 1.04772859\n",
      "  1.04944828 1.36093768 1.09303487 1.79201809 0.99086951 2.12075861\n",
      "  1.98457864 1.19698356 1.80734149 1.47612594 1.92272815 1.04294051]\n",
      " [1.70044831 1.6194193  1.7994178  1.86388362 1.37174834 1.17057846\n",
      "  1.5949452  1.36401614 1.62323376 0.99749945 1.78386631 1.45571957\n",
      "  0.91990392 1.66035015 1.15768008 1.63989307 1.00637476 1.05464417\n",
      "  1.41798522 1.15855533 1.33685103 1.72587699 1.05131031 1.7599403\n",
      "  1.50149842 1.90000817 1.56030086 1.92272815 2.02360979 1.45106937]\n",
      " [1.51103417 1.41750999 1.8932227  1.68796493 0.87043647 1.97005638\n",
      "  1.14013615 0.98481234 1.4950201  1.71377813 2.07384456 1.54042023\n",
      "  1.10024487 1.06879648 1.24360092 1.26146105 1.57944964 1.15447721\n",
      "  1.65236464 1.2333698  1.68425718 1.60270537 1.89879275 2.13503077\n",
      "  2.1072014  1.4289976  1.41908962 1.04294051 1.45106937 1.93038312]]\n",
      "\n",
      "Error: 0.9880820528284829\n"
     ]
    }
   ],
   "source": [
    "A = generate_symmetric_matrix(30)\n",
    "Q, T, Q_inv = exact_diagonalization(A)\n",
    "reconstructed_A = Q @ T @ Q_inv\n",
    "\n",
    "print(f\"Matrix: \\n {A}\", end=\"\\n\\n\")\n",
    "print(f\"Reconstructed: \\n {reconstructed_A}\", end=\"\\n\\n\")\n",
    "print(f\"Error: {error(A, reconstructed_A)}\")"
   ]
  },
  {
   "cell_type": "code",
   "execution_count": null,
   "id": "1f7a0c3f",
   "metadata": {},
   "outputs": [],
   "source": []
  }
 ],
 "metadata": {
  "kernelspec": {
   "display_name": "Python 3.8",
   "language": "python",
   "name": "python38"
  },
  "language_info": {
   "codemirror_mode": {
    "name": "ipython",
    "version": 3
   },
   "file_extension": ".py",
   "mimetype": "text/x-python",
   "name": "python",
   "nbconvert_exporter": "python",
   "pygments_lexer": "ipython3",
   "version": "3.8.8"
  }
 },
 "nbformat": 4,
 "nbformat_minor": 5
}
